a = 0.2;
b = 1.5;
c = 1;
c1 = 4;
w = 10;
U = 3;